4 100 21 29 17 190 86 88 52 95
4 100 21 88 55 42 12 161 22 152
4 100 47 145 16 216 58 129 1 76
4 100 70 3 7 23 17 226 59 149
4 100 9 55 58 193 29 223 32 227
4 100 87 240 26 208 33 111 72 29
4 100 6 48 4 32 77 137 28 42
4 100 7 81 22 144 79 204 43 105
4 100 10 51 14 11 86 82 22 192
4 100 86 215 76 163 4 53 14 246
10 100 12 204 1 117 2 254 6 36 3 4 7 215 25 188 4 67 5 58 57 160
10 100 1 118 3 39 48 48 21 238 2 133 9 238 14 81 6 23 4 51 35 122
10 100 1 139 10 251 2 83 4 82 26 170 65 112 18 250 17 64 3 251 12 146
10 100 14 17 2 122 8 120 9 242 1 113 4 117 51 168 7 204 3 149 15 133
10 100 49 95 1 90 27 245 11 252 5 68 2 204 46 57 17 238 40 225 4 218
10 100 10 152 8 134 13 146 3 217 5 28 20 6 50 166 14 117 27 100 1 73
10 100 1 226 6 56 23 230 17 194 2 87 19 54 16 136 22 208 20 103 11 50
10 100 1 182 33 207 5 58 2 0 6 122 4 41 25 205 19 92 2 52 49 176
10 100 30 59 1 202 13 42 4 204 27 67 33 111 62 209 8 173 2 95 35 92
10 100 5 104 56 239 2 205 12 19 7 116 1 237 3 130 34 6 27 82 6 193
20 250 5 154 24 23 1 62 19 55 6 189 12 207 3 104 4 207 32 11 13 205 34 223 30 164 2 146 11 217 39 74 37 36 44 164 43 133 18 108 38 98
20 250 4 195 2 25 7 252 1 0 9 133 17 62 21 197 43 5 5 80 10 107 1 241 32 213 37 180 19 31 3 196 8 67 6 210 14 243 11 142 12 244
20 250 1 185 3 167 2 178 4 178 18 19 20 225 17 21 5 163 15 15 12 93 6 23 21 211 30 84 31 216 8 207 26 35 37 218 41 174 34 12 9 98
20 250 2 35 5 77 4 118 24 66 1 207 45 6 26 176 39 153 20 2 14 73 38 12 3 190 27 24 9 169 30 184 15 44 11 29 40 143 29 19 37 186
20 250 6 102 49 106 3 45 2 246 36 246 19 246 1 165 11 246 15 157 30 37 27 43 23 174 4 240 31 173 39 238 8 214 47 31 13 159 14 70 28 19
20 250 11 125 1 45 20 227 2 209 10 46 42 121 16 178 3 156 18 30 19 225 17 30 9 214 14 91 26 248 6 63 5 31 32 45 35 42 7 176 34 236
20 250 4 248 10 148 27 53 6 184 40 176 2 234 3 47 21 59 37 39 1 160 17 55 9 129 26 178 18 23 12 37 7 220 32 24 25 238 13 145 36 194
20 250 11 45 8 170 23 99 4 234 10 157 1 99 43 110 44 8 6 249 13 205 2 189 45 50 16 146 30 38 24 153 5 201 9 103 3 11 35 188 27 58
20 250 1 67 14 228 13 255 2 75 3 75 5 65 9 79 10 188 17 34 15 39 7 158 40 93 4 13 33 141 39 228 6 18 47 239 48 99 8 75 11 49
20 250 22 135 10 23 3 172 2 42 1 114 4 92 37 91 19 86 43 204 5 8 32 169 23 228 27 197 15 4 45 215 12 186 28 158 7 135 26 52 17 227
30 400 5 16 36 197 1 92 7 59 2 162 8 11 6 179 12 207 4 93 15 204 26 158 28 65 29 190 17 206 32 202 10 25 45 51 46 130 9 10 23 50 3 106 13 222 30 57 33 168 35 215 21 211 16 216 25 199 37 149 18 21
30 400 6 145 1 131 17 56 4 8 31 40 39 195 11 247 7 150 49 42 3 10 48 201 9 213 2 44 27 231 33 255 10 130 46 60 5 61 15 122 19 136 16 200 36 83 13 209 24 124 21 18 30 133 8 60 26 217 35 43 32 0
30 400 8 206 1 102 5 171 34 119 4 8 2 48 36 105 31 154 3 35 7 59 9 213 41 245 29 100 15 162 10 50 20 146 22 46 11 207 19 252 40 81 38 173 13 18 45 93 16 137 17 138 6 194 12 87 23 13 18 150 26 120
30 400 20 139 33 3 2 227 5 253 1 250 8 141 25 51 10 23 16 149 30 46 21 201 26 72 3 174 44 106 41 63 6 129 17 222 4 55 18 139 7 143 47 95 43 78 35 38 27 83 31 128 37 16 11 98 19 52 40 134 13 219
30 400 8 188 24 14 15 250 1 59 2 141 37 208 9 130 26 132 5 43 6 6 28 88 35 133 7 162 4 129 14 164 19 155 3 198 22 55 46 23 11 66 21 152 10 226 20 150 16 171 18 93 13 51 32 126 29 223 23 125 12 235
30 400 5 183 1 246 2 113 14 150 37 117 13 186 3 34 34 31 25 61 4 134 9 31 22 162 32 161 20 35 12 86 17 59 7 24 8 153 30 101 16 39 42 44 45 219 19 110 11 234 47 37 40 134 26 243 6 175 39 236 21 205
30 400 1 156 23 41 27 132 4 202 29 24 2 197 41 67 6 157 10 249 5 96 46 254 3 166 45 183 9 209 11 24 14 203 19 0 13 92 19 58 18 110 30 66 32 161 8 141 26 212 25 207 12 221 15 220 36 6 17 170 38 209
30 400 4 49 16 166 1 19 13 153 7 121 22 62 12 166 6 99 2 227 18 201 30 211 3 60 24 5 36 198 10 188 21 181 37 0 11 13 19 45 5 119 14 37 28 56 8 161 17 54 37 33 49 126 46 230 38 207 9 227 44 221
30 400 3 87 4 117 1 4 6 238 2 170 5 143 16 173 46 146 8 223 13 122 12 214 17 168 38 149 37 169 33 120 21 202 29 159 9 175 19 17 18 48 48 133 39 130 20 208 22 152 11 16 45 10 7 78 43 250 49 27 44 122
30 400 1 120 30 94 4 227 5 122 43 185 3 4 12 189 47 94 14 70 9 146 34 17 35 93 41 6 6 86 16 249 29 227 48 253 20 112 24 229 8 162 11 255 2 44 7 192 31 84 27 41 33 204 42 241 38 67 28 181 32 232
40 600 48 12 4 154 1 129 2 50 21 249 8 186 20 250 5 160 12 186 33 197 35 32 42 154 15 35 7 72 14 12 13 219 22 190 19 69 9 250 17 245 31 242 27 118 6 207 26 105 18 1 24 213 23 136 43 58 11 244 3 105 10 167 36 12 46 209 38 161 34 121 44 84 47 78 28 59 29 218 45 151
40 600 31 123 2 170 39 138 24 148 13 106 36 96 10 244 18 254 3 210 11 111 33 238 5 26 42 96 8 64 9 43 15 144 1 157 41 28 47 28 4 145 20 81 6 227 12 122 16 30 7 100 21 21 14 188 23 175 26 98 17 5 48 165 35 155 19 58 37 215 28 163 30 113 27 24 38 176 44 152 25 151
40 600 9 34 3 69 12 41 1 58 23 57 13 73 2 104 21 135 42 57 17 199 5 254 44 73 4 198 22 10 40 222 10 233 31 151 27 133 8 23 6 194 14 110 47 207 11 29 26 78 43 144 15 114 34 40 37 103 16 251 19 210 49 80 7 69 41 252 32 94 36 8 20 159 25 196 45 216 28 19 29 116
40 600 31 239 4 240 27 158 1 110 18 27 8 12 5 170 7 82 21 163 3 228 2 202 20 100 15 177 10 56 9 82 23 118 12 221 6 174 39 134 34 241 17 30 28 33 14 206 32 1 25 34 42 204 16 218 19 65 37 198 49 163 11 11 47 115 44 210 26 207 33 144 43 138 36 5 35 252 13 156 29 197
40 600 1 106 4 130 2 34 5 177 31 81 6 107 9 186 32 244 18 9 16 140 41 165 3 49 42 159 10 76 14 123 33 11 24 55 40 146 17 25 38 21 13 229 12 135 11 82 26 148 46 220 43 101 28 54 45 220 7 126 15 115 39 143 47 225 48 105 8 60 37 236 20 179 34 126 36 50 49 1 27 217
40 600 38 167 1 77 32 81 3 211 11 92 2 231 10 83 5 21 9 53 13 243 6 92 4 94 40 32 26 59 21 46 39 27 8 176 18 51 14 243 27 46 22 249 25 167 31 235 47 108 45 47 19 143 44 73 28 102 7 202 30 102 41 112 24 197 34 91 23 178 16 158 12 166 46 119 43 112 49 71 17 117
40 600 15 59 1 54 3 196 17 161 4 215 18 217 27 222 5 26 36 13 12 172 33 220 6 87 2 198 26 77 40 3 11 11 10 35 24 51 20 94 32 249 43 116 9 109 7 33 46 17 21 77 44 117 13 232 39 64 23 85 28 100 37 239 8 234 16 23 38 113 29 112 25 82 47 47 48 234 35 105 22 156
40 600 1 206 24 111 4 51 2 137 41 58 28 237 32 13 3 73 10 183 6 231 22 121 47 208 7 64 43 22 5 18 15 137 18 132 17 150 12 139 11 207 13 193 34 246 14 146 16 97 25 218 33 139 8 234 37 27 45 63 27 78 40 128 19 214 9 65 44 184 23 225 21 63 31 22 46 124 20 183 35 40
40 600 1 28 2 181 4 253 6 134 5 165 33 201 12 205 7 112 19 99 8 198 21 126 10 199 28 219 25 185 32 166 30 121 27 112 3 46 13 63 22 234 38 118 14 127 44 62 11 166 16 155 24 25 15 85 41 147 31 168 20 46 17 114 9 16 34 174 47 15 23 146 26 60 37 200 42 19 29 226 45 160
40 600 6 32 5 11 1 50 3 119 7 117 12 236 16 134 35 77 4 73 2 52 11 191 40 210 32 68 15 167 17 198 45 254 20 56 22 63 37 222 31 123 42 184 14 169 27 50 21 178 9 126 10 26 33 27 36 10 13 109 34 13 41 72 19 82 38 15 39 231 18 121 24 122 48 136 8 13 47 1 44 17
